1011
0.1098822 -0.1117447 -0.0638434
-1.3225807 -0.1607274 0.0788588
0.3295994 -0.0446253 0.9411401
0.0551771 0.0934600 0.1572058
0.6802787 -0.5619961 -0.1532891
-1.0779186 -1.0208472 0.4977885
-0.0906492 -0.0711189 -0.1223542
-0.0591243 0.2067460 -0.7547279
0.9016922 0.0197321 -0.4931493
-0.0609488 -0.1302792 -0.1874739
-0.8670393 0.2721847 0.4806029
0.5937865 -0.0027190 -0.1270980
-0.0032523 -0.1758039 -0.0977548
0.1117926 0.5676707 -0.2423055
0.1460026 0.8181667 0.5601999
-0.0264777 0.1426160 -0.0134239
-0.7159866 -0.4736716 0.7181818
-0.2559752 -0.1205074 -0.9358725
0.2061723 0.1538260 -0.0776347
0.6923379 0.7365088 0.7567998
0.4760063 -0.2212718 0.5667080
0.0249938 0.1379456 0.1148861
0.9938590 0.3645978 1.2642572
0.4974862 -0.5027403 -0.2703089
-0.0810207 -0.0977849 0.1678393
0.5639700 0.6676836 -1.1255373
0.2141805 -0.2995184 0.0760603
0.0360571 -0.2968299 0.1220582
-0.3532545 -0.0051090 -0.0913881
-0.0761836 -0.3317701 -0.1738545
-0.0602048 0.3654643 -0.0756249
-0.5070072 -0.1229448 1.0873192
0.9587098 -0.6064469 -0.4643410
-0.1108412 -0.1918168 0.0483954
1.5631473 1.3130549 0.9992783
0.5138744 -0.3289278 -1.2458867
-0.1355610 -0.0700632 0.0873798
-0.0273799 0.3119636 -0.5741729
-0.1033071 -0.6837015 -0.5253957
0.3366597 0.2250661 0.0490022
0.4512909 -0.7555812 -0.8209855
0.0742230 0.7996341 -0.1168973
-0.2052852 0.0986497 0.1211500
0.3667530 -0.7302976 1.4667369
0.4397364 0.5065124 0.1234122
0.1102084 0.0116120 -0.2681767
-0.8344308 -0.4598582 0.2346226
0.5560142 0.3952626 1.3532176
0.1552650 0.2377756 0.2980474
0.8828465 0.0745755 0.1999981
1.2378539 0.3476280 -0.9107395
-0.1524792 0.1089650 0.3723405
-0.1917289 0.4668526 0.3433067
-0.0655982 0.1760486 -0.2021292
-0.0043269 -0.0201907 -0.3303748
-0.5914479 0.1837454 0.6130686
-0.7253540 -0.1780619 -0.5255509
-0.0193774 0.1015328 -0.1123660
0.9015323 -0.3423078 -0.1757102
-0.0119377 0.9140508 1.1335522
0.0279614 0.0570706 -0.0019071
1.5208876 1.0834468 1.1711667
-0.0246764 0.0723282 0.4845254
0.1061828 0.1579787 -0.0632662
-0.5654192 0.4371649 0.6179788
0.1878678 0.2373263 -0.3891063
-0.0582833 -0.0850735 -0.1300455
0.9059575 -0.0654036 0.2799918
0.1320292 -0.4944436 0.3138883
-0.1469166 -0.0845904 -0.1369509
0.4663527 0.1456680 0.3511606
-0.3438125 0.6016735 -0.6324020
0.1221050 0.0066938 0.1076266
0.2673080 1.3988450 0.4703286
1.0193842 -0.4486594 -0.5541745
0.0236088 0.0131431 -0.0415285
-0.6781257 0.4685710 0.9475064
0.5616735 -0.1953472 -0.3454434
0.0701267 0.0551952 0.1157384
-0.0724512 0.2804195 0.9814465
0.6026716 -0.1180373 -0.2389841
0.2057619 0.0745821 0.0507981
-0.9049148 -0.8674923 0.3630264
-1.0602638 0.0787658 0.1284563
0.2341757 0.1901692 -0.1262517
-0.1991088 0.9028108 -0.1508234
-0.8707142 -0.2064004 -0.4734809
0.3479804 0.2001939 -0.1005858
0.6634997 -0.3013567 -0.6432282
-0.4943887 0.5590104 0.0921691
-0.0215275 -0.1265837 -0.3201177
-0.4489582 -0.8354176 -0.5622891
0.1185140 -0.2052720 -0.7289722
-0.0526890 -0.0569136 0.1055604
1.0256213 0.2935044 0.0497416
-0.1520921 -0.6131114 0.5992261
0.1043757 -0.2607100 -0.3670921
0.2744928 -0.0232060 0.4729957
1.1761340 -0.2553853 0.4976579
-0.2694295 -0.0592262 -0.1235699
1.6345314 -1.1148580 0.4991379
-0.3385437 1.0043815 1.0581367
-0.3896258 0.1227663 -0.0909949
-0.6571266 -0.9676047 1.1447936
0.1438602 -1.5296628 -0.5365371
0.1030613 -0.2163097 0.0384743
0.2115120 -0.4812559 -0.1260320
-0.7266411 -0.4939052 0.1212554
-0.1027221 0.2469886 -0.0130234
1.2452947 0.8763186 0.3266700
-0.2064692 1.5253202 -0.5973752
-0.2498610 -0.0871351 0.0662928
0.6949202 -0.0595064 -0.7383116
0.8252517 0.0400976 -1.4040608
-0.1122296 -0.3318293 -0.0448793
-0.0161797 -0.5248554 -1.2702611
0.0215117 0.4747786 0.4803447
-0.2776476 0.1163540 0.0714203
-0.1630712 -0.7632614 -0.7457269
0.0849361 0.8152255 -0.4129279
-0.0504989 -0.2172076 -0.0693670
-0.1532670 -0.5383437 0.2372441
0.4150364 0.3131525 -0.4423924
-0.0016910 -0.1138049 0.0193581
0.7700414 0.0168196 1.5677909
-0.4457715 -0.4941927 0.2763287
-0.2213403 0.1814887 -0.0436323
0.3963248 0.2883963 -0.8658132
0.3087819 0.7820699 0.2700234
-0.0794614 0.0741155 -0.0784701
0.5110542 0.6519314 -0.3946765
-0.1490185 -0.4861920 0.6857549
-0.1760060 0.1937057 0.1226153
-0.3144449 0.0864212 -0.6570215
0.5882814 0.3932853 -0.1872928
0.1248351 -0.1818753 0.0651686
0.2788492 0.8308846 0.4216622
-0.1994239 -0.4626364 -0.2800073
0.0213159 0.0968053 0.1380505
1.0067551 -0.8251619 0.4172930
0.9479714 0.1830867 1.2060499
-0.0800567 -0.0559035 0.0565421
0.2383969 -0.8468387 0.1849646
-0.6941208 -0.1008752 0.5001728
0.1060979 0.0015720 0.2979109
0.0173188 0.0602306 -1.1268033
-0.4570643 0.0548024 -0.4022343
-0.1054889 0.1154004 -0.0597030
-0.7313460 0.6080795 0.5786031
-0.4794171 -0.3883934 -0.3014430
-0.0111006 0.1704525 -0.2197171
0.2143657 0.8809480 0.8973664
-0.1761708 -0.8189852 -0.4599045
0.0392379 0.1490100 0.3395898
-0.7448049 0.2679997 -0.6758409
0.6230925 1.2334666 -0.6904101
-0.2521315 -0.1409818 -0.4050476
-1.0369663 0.8758335 0.9965755
0.9237867 0.5302825 0.2890008
-0.1428931 0.0090700 -0.0977296
-0.0814076 0.6161064 0.4020125
-0.5482454 0.6528637 -0.4888572
0.4446731 0.2003820 -0.1595393
-0.8605229 0.9940025 0.3817152
-0.3778509 0.4371701 0.4024989
0.1279299 0.0339094 0.1558363
0.7198931 -1.2045868 0.1435193
-0.7473530 0.7140061 -0.2033155
0.0145653 -0.2196264 -0.0841463
-0.8646442 0.1659567 -0.1694312
-0.4096722 0.6628501 0.7765375
-0.0802585 -0.0636970 -0.0805490
-0.2062628 -0.2787719 -0.2724084
1.1253956 1.3382775 0.1473710
-0.1690876 -0.2496955 -0.1392046
0.3975412 -0.1130584 0.3890786
-0.3174284 0.8272611 0.9163817
-0.0195894 -0.0514191 0.0613175
-0.2080352 0.1349193 0.7867018
-0.5248959 -1.2852572 0.3078888
0.0338626 -0.1245460 0.1242422
-0.5234301 -0.5687027 0.5529633
0.0070243 -1.1424158 -0.2898802
-0.1633227 0.0909025 0.1028752
-1.2475595 0.2261159 0.3669460
-0.0127652 0.0409502 -0.8960298
0.1788841 0.0232934 -0.2025133
0.5464354 -0.1113157 0.1422073
0.4458810 -0.0185124 0.4759023
-0.0702034 0.0164331 0.1359444
0.5190711 -0.3202456 -0.7790552
0.0256535 0.9719920 0.1479782
0.0318356 -0.1891575 -0.0049841
0.0627861 0.3765001 -0.3597737
-0.0872038 -0.6912886 -0.2324730
0.0757108 -0.2051972 -0.0534802
0.1786049 -0.2575107 -1.0317206
-0.7160597 -0.3545821 -0.4444557
0.1119673 -0.0107522 -0.0769276
0.4377315 -0.3538170 -0.2293120
-0.1234241 -0.1551098 0.0207141
0.0099662 0.0386842 -0.2423806
0.0360513 0.9183476 0.4919075
-0.5282619 -0.0769091 -0.8906412
0.2424085 -0.2138656 0.2686746
1.4253142 -1.1546445 0.5157977
-0.4577169 0.6153830 0.2168260
0.0689290 0.4144013 -0.2802512
-0.0539114 0.2771939 -0.3866879
0.0869730 0.2494936 -0.0376250
-0.0463528 0.0683023 -0.1157589
0.2326334 1.0882129 0.5055078
-0.4482780 -0.3589890 -0.9977784
0.1421954 -0.2659434 -0.0140161
-0.1859419 0.3558733 0.6217218
-0.3082691 0.3374744 1.1347437
0.0476963 0.0788204 0.2691941
-0.2214169 0.3306756 0.4779123
0.5704991 0.3310882 -0.2870369
-0.2181797 -0.1831885 -0.0677569
0.1795247 0.7327317 0.1862582
-0.3182921 -0.9092706 -0.6757377
0.1808041 0.3021294 -0.1324629
-0.7529743 -0.0661409 -0.0974932
-0.4153210 0.3764528 -1.1004755
-0.3565967 0.0059930 -0.1068749
0.0599311 0.6920474 -0.3712058
-0.0014145 -0.2226078 0.7033761
0.0948018 -0.0071248 0.2545952
1.3047073 -0.5989395 0.2244530
-0.8743754 0.1827049 -0.6272230
0.1239708 -0.0475716 0.2905922
1.0788721 0.1673725 -1.3091928
0.7539909 -0.8596531 0.5922842
0.2244053 -0.1304634 0.0109069
-0.1755201 -0.9916149 -0.9839828
-0.2081609 0.6927034 0.7558505
-0.2962418 0.3340169 0.2083597
0.2648161 0.3898119 -0.5265336
0.0324525 1.2044274 0.2167694
-0.1590824 -0.0890441 -0.1997381
0.0250340 -0.0635864 -0.5519854
0.5523274 -0.5669990 0.2176774
0.1227911 -0.0683745 0.1308281
-0.2758184 0.2130433 1.2470847
-0.2250362 -0.4242740 0.0388685
-0.1445076 0.1195348 0.0433030
-0.4647564 -0.4373347 -0.5612218
-1.2577003 0.3141075 0.7987424
0.0634576 -0.0327120 -0.2513445
-0.0754487 -1.1315816 -0.3099379
-0.4581145 -0.1938761 1.1831982
-0.0419279 -0.0369490 -0.0126459
-1.1716074 0.1194264 0.7665430
0.0221072 -0.0003599 0.8199876
-0.0192325 0.1157652 0.1962451
0.5196710 -0.4052191 0.4167427
-0.2403918 0.7237994 -0.4446099
-0.0987531 0.0403857 0.0022716
0.4368533 0.3446878 0.2267528
-0.2998779 -0.0518614 0.5693115
-0.0150943 0.0821219 0.2422640
0.5516048 0.0717625 -0.6432218
-0.3504302 -0.7189121 0.2271168
0.1606819 -0.0450942 -0.1635384
-0.3526514 -0.1849581 0.5572490
-1.0144059 -0.0223270 0.4710477
-0.1878361 -0.1701521 0.0198677
0.2551043 -1.6134739 -1.5553666
-0.4352479 -0.2775246 -0.3617120
-0.0933265 -0.0477757 0.2999598
-1.3181319 0.0796029 0.4027841
0.1297635 1.2730726 -1.0064187
0.0288368 0.1152319 0.1561238
0.2388208 0.3320938 -0.1115313
0.6382201 -0.3018234 0.5930936
-0.0516620 -0.2976115 -0.0831167
-0.5684042 0.2888752 -0.0035100
-0.1018172 0.2125272 -0.1016811
-0.0156458 0.1700664 -0.0561845
0.3801215 -0.5557044 0.5028661
0.0175187 0.0788089 -0.3301213
0.2552678 0.0750646 0.0750403
0.3007180 -0.5918636 -1.2234580
-0.3125040 0.3597971 -0.2119711
-0.0033185 0.0741423 -0.0210594
-0.5563028 0.2750801 -0.2511223
0.0666991 -0.7838613 0.0461909
0.0712111 -0.0960583 -0.0191525
-0.3057782 -0.3381168 0.0741171
-0.3641817 -0.3222590 0.4057460
0.0150257 -0.1839594 -0.1139689
0.7289530 -0.4677397 0.9628273
-0.4390720 -1.4404349 0.3300497
-0.1271664 0.2188492 0.1618463
-0.7709969 0.7075927 -0.3031759
-0.2439216 -0.1298114 -0.1095300
0.1092886 -0.1004174 -0.2717152
0.0249915 -0.0497880 -0.6379128
-0.3664637 1.2408852 -0.5716536
-0.1347533 0.1348506 -0.2024296
0.2609244 -0.3376025 0.0628309
-0.2036282 0.9159666 -0.5191463
0.0217803 0.1007903 -0.0877662
0.3501203 -0.1115661 0.4512781
-0.0045586 -0.5691836 0.8518213
0.0424315 -0.2400359 0.1922889
0.4015742 1.0624520 0.7475538
0.9357726 -0.1918990 0.8685489
0.0320051 0.0830577 0.0384303
0.0548330 -0.3709586 0.3364265
-0.2357978 0.1221686 -0.3011891
0.0638410 0.1900072 -0.1281035
0.8755707 -0.2403158 0.0368106
0.3464162 0.0363612 0.4571620
-0.1505792 0.1658524 -0.0476092
0.5175214 -0.5809235 0.8455861
0.7507518 0.1012690 -0.0083484
0.1586585 0.0149051 -0.0181517
0.3009592 -0.0006443 0.4531758
0.7346592 -0.0326589 0.2042122
-0.2373598 -0.2507970 0.0977721
0.2991162 -0.3244400 -1.1177557
-0.4109274 0.5550830 0.4189058
-0.0563236 0.0404319 -0.0335366
0.3865989 0.8702424 0.1228623
-0.4067368 0.2799009 -0.5413502
0.0537779 0.1023584 0.2409819
-0.1296360 -0.4617834 0.6986335
-1.2819212 -0.0034859 0.1266774
0.0852938 0.4168451 0.1501230
0.3399701 -0.1399449 1.1239245
0.3825138 -0.3891241 -0.9052143
-0.0691263 -0.0221978 0.3049810
0.0893940 1.0418092 0.5310329
0.0586314 -1.1014309 0.6610809
-0.4356451 0.0037708 -0.1884895
0.8258130 0.2248977 1.0710780
-0.4553207 -0.7582860 -0.6166590
-0.0443616 -0.0048175 -0.0016249
-0.7466488 -0.1157157 -0.6136209
0.6178767 0.0209137 0.0667202
0.0736546 -0.0587258 -0.2946722
-0.7959213 -0.3193121 0.4829804
0.4709590 1.0620438 -1.1293661
-0.1801477 0.2188852 -0.0043339
1.3793172 -0.6384925 -0.1252559
0.4619183 -0.2295908 0.2109018
-0.2276463 -0.0033296 0.0214084
0.4504828 0.5576562 0.9696221
-0.1462360 0.1671246 0.5402256
-0.1167786 0.1478333 -0.0424851
-0.5543924 -0.0835155 -0.2220147
0.8613782 -1.0290441 1.0123141
0.0397261 -0.2691219 0.1586064
-0.5408687 1.0126436 0.2061728
-0.7439100 -0.1069888 -0.8912392
0.2149488 -0.1181892 -0.1168301
-0.0302230 1.0897034 0.1006379
0.2134485 -0.0705473 -0.0890070
-0.1942475 -0.2795028 -0.0667141
-0.1158848 -0.3581628 -0.1613033
0.3733556 -0.8450377 0.4428125
0.0186314 -0.1567508 -0.0696914
-0.6079966 -0.8145448 0.0104870
-0.6400917 0.1613184 -0.6066013
0.0894686 0.0133255 0.1824224
0.4511747 0.6310223 0.1984662
0.7241669 -1.6097926 0.0812369
0.2879584 -0.0061405 0.0188414
-0.2582935 0.2755695 -0.7517813
-0.3979262 0.2807664 0.3890795
-0.0456682 0.1876593 -0.2467513
0.4692739 -0.9776328 0.4772182
-0.1048889 -0.4607381 0.6670088
0.0418328 0.1682408 0.3329510
-0.5498562 -0.5094797 -0.2876627
0.8040551 0.1737735 -0.0223744
0.0613960 -0.0791026 -0.2262890
0.4950473 -0.1509166 -0.5783867
0.2466719 -0.5163430 -0.4867809
-0.1377893 -0.0433976 -0.2315027
1.0287886 1.0538283 -0.0253342
0.4937732 -0.9619351 0.0986907
0.2809057 -0.0032949 0.0923093
1.2167380 0.5356632 0.4790282
0.7186760 0.9112528 1.4811395
-0.1415567 -0.1152495 -0.1631454
-0.2715300 -0.5025139 -0.7134136
-1.5170998 0.3732637 0.1818024
0.0768794 -0.1831749 0.0088691
-0.8545097 -0.2483559 0.5889079
-0.0694320 -0.9128875 -1.7706416
0.1134297 -0.0848437 -0.0784694
0.9133898 1.1376377 -0.6523615
0.2648552 0.3215859 -0.2942754
-0.2359792 0.2276487 -0.0312896
-1.4120000 -1.0393168 0.3260543
-0.5427570 -0.0650269 0.2758766
-0.0804103 -0.1813451 0.0547279
-1.1601455 0.8711627 -0.9997809
-0.0615905 1.0051292 0.1137654
0.1578735 -0.2585633 0.0923298
0.4459218 -1.1828983 0.2299914
-0.1836971 0.2741796 -0.0826211
0.2300685 -0.0949045 0.0122400
-0.3639424 -0.4132235 0.2185998
-0.1716146 -0.0040266 1.5403609
-0.0912707 -0.0507049 -0.0057776
0.5972978 -0.5482104 0.3113115
-0.4290315 -0.4403332 0.4505059
-0.0591487 -0.0329825 0.0195369
-0.4346336 0.3232039 0.5718373
-0.2805090 -0.8983305 0.5550123
0.0842727 0.0187163 -0.0461056
-0.5723750 0.8976674 1.2284417
-1.2089569 -0.8271727 -0.5467394
-0.1812285 -0.0802173 -0.2147906
-0.0971733 -0.1525176 0.9454016
-0.3611116 0.4271564 -0.3695289
-0.2219897 0.1828392 0.1542910
-0.3984103 -0.4030794 0.8596766
0.4191664 0.1074193 0.2502278
0.0229463 -0.1798350 -0.0290461
0.4165197 -0.4669818 -0.1868927
0.4304558 -0.3093840 0.1234358
-0.0358584 0.1326401 0.0171856
-1.4742431 0.6559884 -0.2549141
-0.4312690 0.5488384 -0.4069244
0.3809792 0.0401510 -0.0536145
-0.2616735 0.2846799 -0.6357305
-0.6026961 0.6203856 1.1967712
0.3494905 0.1989815 0.0530963
1.2462492 -0.6445703 0.0626908
0.4324267 -0.0835080 -0.7226898
-0.0571645 -0.0395403 -0.4153348
1.3497136 0.2458697 -1.2197568
0.5304432 0.3676337 0.2957430
0.0748912 0.2095204 -0.1191292
0.4244223 0.7863747 -0.0739273
0.9277462 -0.2783314 0.2501236
-0.0093573 0.0223741 -0.0230681
1.7653791 0.3368061 -0.4897486
-0.4995981 0.5772880 -0.0757277
0.2184306 -0.0649947 -0.4491067
0.0022424 -0.4640262 0.5196671
0.7014000 -1.2709055 0.0887471
-0.1421248 -0.2065930 -0.0752200
-0.4259146 0.3766894 0.9523516
0.1857620 -0.2457908 0.9564569
-0.2396503 0.0325094 0.0785075
-0.7922077 -0.0516481 0.2312366
-0.4412226 0.1694707 -0.3010926
-0.3121945 0.1493924 0.0688823
0.4389973 0.0374137 0.3238800
-0.1706364 0.2130996 -0.7904176
-0.1276034 0.0799378 -0.0594825
-1.0700430 0.6702451 -0.6036728
0.6959308 -0.0952860 -0.6066082
-0.0878312 0.0267582 0.1265324
-0.3208950 0.7471024 0.4489978
-0.2010944 -0.2645499 -1.2091877
-0.1310420 -0.0536435 0.0170895
0.7791008 0.7654594 0.4558783
0.1766209 0.5343833 -0.4492712
-0.2043089 0.0356774 -0.0482406
0.0005611 0.7546708 1.0836865
-0.2808887 -0.3612402 -0.2848984
-0.1205639 0.1043717 0.2620296
0.4664418 1.1733780 -0.4360948
-0.6311566 0.3666284 0.6243359
-0.1204025 -0.0206929 0.1820873
-0.0481874 -0.3810482 0.8997719
-1.0060567 -0.3448757 -0.4458878
0.0826920 0.0383573 -0.0222841
-0.3399368 0.2179094 0.5045173
0.0282405 1.3036774 -0.5056623
-0.1231894 0.0937885 0.0707036
0.1552357 -0.5620147 0.1101259
-0.3171322 -0.3437933 -0.2085690
0.0813437 -0.1166985 -0.0689440
0.8206287 -0.2816206 0.0016245
0.2068440 -0.1957459 -0.7556531
0.2411906 -0.0773945 0.0893705
-1.0257565 -0.3233364 -0.4484915
-0.6774847 -0.0525039 0.2716866
0.1800048 0.1302794 0.1512942
-0.8166020 -0.1008241 -0.4714547
-0.0824732 -0.8185069 -0.5262926
0.1133074 -0.1439001 -0.0606930
-0.6528280 -0.0347452 -1.3187623
1.0355327 -0.0663197 -1.4736801
-0.0072039 0.0968187 0.1301193
0.3392755 -0.6428621 -0.1670692
-0.5102523 -0.5183017 0.4962088
-0.0667111 -0.0139424 0.1434764
0.6176987 0.2574396 -0.7648999
-0.0099504 0.2528853 -0.8492847
-0.0908304 -0.2307093 0.0245649
-0.5790431 -0.9765263 -0.1053943
-0.9713399 1.0256771 -0.9655546
0.4144157 -0.0695842 0.0818445
-0.1922041 0.2157296 -0.3316955
0.3938003 1.2102020 -0.4417043
0.0947628 -0.0410357 0.0460142
-0.4076443 0.1314726 0.0503110
-0.2938102 0.0562065 0.3554813
0.1605380 -0.1468747 0.0760959
-0.4525266 -0.6863961 -1.2365410
-0.0046463 0.4362061 -0.6714945
-0.0112334 -0.0392013 0.0983930
0.8076992 0.4145581 -0.1296966
0.1146338 0.1026749 0.0422152
0.0498047 -0.0064486 -0.1333601
0.5173810 0.1484272 0.7507242
-0.0686139 -1.6489515 0.8944565
0.2463010 0.1072394 0.1389120
0.4578709 0.7290395 0.2328948
-0.1977036 0.4602765 1.1694072
-0.2789708 -0.2858930 -0.1813296
0.7941324 1.0267058 0.3055233
-0.3558925 -0.2928384 -0.5282931
0.0285932 0.0179061 -0.0294685
0.0718636 1.0749053 0.1097894
-0.3848105 -1.0397421 -0.1397243
-0.0146715 0.0368036 0.0628953
-0.8128189 -0.7341385 0.6786000
-0.1676513 -0.0164469 0.2409601
0.1300728 -0.1051786 0.0326536
-0.1867735 -0.6514731 -0.5256444
0.6167089 -0.7931662 2.2309710
0.1951521 0.2753573 0.2197205
-0.4160328 0.0377906 -0.0579165
0.0646368 0.3953429 0.5867671
0.0747479 -0.1672352 -0.2649708
-0.5406126 1.4124319 -0.6705502
0.4782955 -0.3880999 1.0245220
-0.0713298 -0.1382395 0.0998416
-0.2530406 0.4447066 0.6596737
-0.1290945 -0.5551538 -0.5292895
0.3212229 0.2350377 -0.1548628
0.1200160 0.2366302 0.3454807
-0.3751234 0.0946942 0.1630855
-0.0585756 -0.1761288 -0.0263510
0.5248720 -0.8234714 0.3724028
0.0415989 0.0168612 0.0420585
0.1250285 -0.0409814 0.0514442
0.0689267 0.4294235 0.2628181
-0.9580295 0.1142315 0.2040701
0.0704594 -0.1041000 -0.2300186
-0.4606275 -0.0420659 0.4068179
-0.5686899 0.7744926 -0.4006278
0.0592330 -0.2479302 -0.0057661
0.3239390 -0.2500427 -0.3545767
0.0684751 0.4987564 0.6119546
0.0282548 0.2265323 0.3234058
0.0944242 -0.3293953 0.1674224
0.4055051 0.8493085 -0.6788341
-0.2043379 0.2091370 0.1081236
0.6117317 0.6485859 -0.3635696
0.3041681 -0.1458619 0.9645841
-0.1235745 -0.0871173 -0.0432783
0.1899024 0.0680016 -0.4069893
-0.7675909 0.7098451 0.3125702
0.0892563 -0.1638085 -0.2093420
0.8624891 -0.0978625 0.3348441
-0.2236841 -0.5701028 0.1722512
0.0647203 0.0241327 -0.0833282
0.4179218 -0.0566502 1.3928058
-0.4928197 0.4416386 -1.0948775
-0.0906633 -0.2928675 0.0674680
-1.1763445 -0.0295828 -0.6376455
-0.9760390 -0.8075115 0.4728754
-0.0417156 0.2133772 0.0725804
0.6139960 0.9332689 1.4032823
-1.3248445 0.6669286 0.4222635
0.1402476 -0.0934003 0.2549099
-0.6129470 0.0017087 -0.1239506
0.2140355 0.7004720 -0.7257143
-0.0245622 0.0324566 -0.1723834
0.4667779 0.2042374 -0.4212350
0.2882853 -0.3139270 0.6463094
0.1005273 -0.1498097 -0.2551482
-0.2771771 -1.1074568 0.1923062
-0.1953836 -0.0454008 -0.6096829
0.1162888 0.2775255 0.2828610
0.6444905 -0.4193989 0.3238494
-1.2344275 -0.1484896 0.3629527
-0.1164058 0.1363385 0.1132034
-0.2127035 0.1124857 -0.1144242
-0.7202098 1.3172262 0.7683352
-0.0474966 -0.2075790 0.1757258
-0.4211035 -0.7351041 -0.6418819
0.3584722 0.1931020 0.8717210
-0.1961802 0.1075586 0.1444343
1.3994014 0.7559775 -0.0874480
0.0845426 0.6489797 -0.2185060
-0.0460356 -0.5580975 -0.0504712
0.4222466 0.5017020 1.4991922
-0.8725057 -0.2186976 -0.2063320
-0.0519149 -0.3405928 -0.1302973
-1.1006010 1.1806203 -0.6075923
0.5629563 -0.6397062 0.3210564
0.0219324 0.0302029 0.1254065
0.1448568 -0.5477533 0.0299950
-0.0292189 -0.1752973 -0.0032834
-0.1599093 0.0567006 0.0508128
-0.5198942 -0.3810624 -0.6496915
0.9724719 0.5363509 0.1462863
0.0572538 -0.1730455 -0.1378689
0.2889825 -0.5110293 -0.6635463
0.2649138 0.0940094 0.4196944
0.1869653 0.0702203 -0.3803947
0.6036168 1.5632983 -0.2519800
0.0031160 -0.9229859 -0.1659976
0.2812331 -0.0136323 -0.1795109
-0.0327045 -0.8756387 -0.0332254
1.0648133 -0.1832493 0.5243905
0.0905465 -0.2147578 -0.0337196
0.5305859 0.2682690 0.2369414
0.5281024 -0.1271636 -0.4226128
-0.1502982 -0.1774122 -0.1306259
0.2288249 -1.2932551 -0.7930441
0.0114683 0.4719281 0.4003769
0.1069390 -0.0755574 0.3403466
-0.2737020 0.1575508 -0.2810716
-0.3516033 -0.1824230 0.7566504
-0.0287975 -0.0476768 -0.2627441
0.5847996 -0.2877014 -0.4475310
0.5794767 0.3161995 -0.8939196
-0.0109080 0.1881897 -0.0960229
0.5180011 -0.0261232 0.7221326
0.0465659 0.6309398 0.9857488
-0.2291782 0.1212871 0.3442403
0.3841521 0.4198434 -0.5829754
-0.1578827 0.5352328 0.4923339
-0.2865159 -0.0162195 0.0668829
1.1510569 0.3066518 0.4460425
0.0118609 -0.4189253 0.6362003
-0.2452215 0.0568651 0.1611068
-0.0603279 0.8920402 0.3221509
-0.4399939 -0.5737254 0.1099937
0.0606381 -0.0239161 0.0410874
0.5667108 -0.6723574 0.0169423
0.1491326 -0.2689279 -1.1212601
-0.3765451 -0.2950987 -0.0252803
0.0581788 0.1006280 0.7362301
-0.0604213 -0.3467969 0.6098854
-0.2442649 0.1401625 -0.1622315
0.3530266 -0.3687523 -0.0582379
-0.0792354 0.9345936 -0.9371173
0.2186672 -0.0748995 -0.0555745
-0.4162857 -0.8595208 -0.2662256
1.4452622 -0.3659213 1.2444231
0.1051607 -0.0989505 0.1908447
-0.0796298 -0.1584182 0.9549963
-0.0002990 -0.1265611 -1.1352072
-0.0612695 0.1562348 -0.1138455
-0.4314198 -0.6855912 0.3931254
-0.3276812 -0.1072305 -2.1458665
-0.0807403 -0.0739280 -0.2216568
0.1795069 0.5468069 0.1888922
0.3129824 -0.3419368 1.2373214
0.1215159 -0.0320937 -0.0714635
0.6546367 0.1257314 0.1515670
-0.5515585 -0.1394723 -0.0018079
-0.0448835 -0.0351783 0.0347282
-0.1489213 -0.5650916 0.0675068
0.3509073 0.3455344 0.2477073
0.1231929 0.0913745 -0.0277190
0.7683874 -1.0321041 -0.1591407
-0.0111411 -0.3404440 0.3312631
0.0223667 0.1003100 0.2887956
-0.2237864 -0.3463246 0.1199810
0.7507136 0.5259068 -0.0029377
0.4177770 0.3062778 -0.1980149
-0.4231026 -0.4860774 -0.0269633
-0.0435483 0.4413849 -1.9327270
0.1145611 0.2888240 -0.2302686
-0.4638708 1.1089293 1.2985712
0.5080834 -0.8446331 -0.6929640
0.1602538 -0.0542066 0.1636816
0.6011060 0.3642740 0.1727310
-0.8407138 -0.7138440 0.5249574
0.0967107 -0.1480326 -0.2886120
0.0928214 0.3540909 0.6852077
0.4589980 -0.6877554 0.9416852
0.0476923 -0.0273968 -0.1448804
-0.1521848 -0.2718237 0.5277815
-0.3214503 -0.9069468 -0.9200348
0.0474897 -0.0080274 -0.0449839
0.4505629 0.2773922 0.4185331
1.1986681 -0.2569016 -0.7152878
0.2708377 0.0240311 0.0122334
-0.0381124 -0.3936082 0.3772744
-1.4246981 0.9693827 0.0077668
-0.1526976 -0.0561052 -0.0804221
0.2803347 0.5570117 0.7904311
0.5186239 0.7251214 0.0668604
0.1660773 0.0747836 0.3389805
0.4524010 0.1706798 -0.3839693
1.8713665 0.3522102 -0.2390360
-0.0065426 -0.2049386 0.3093945
-0.4195405 -0.2012035 0.3099612
1.2918986 -0.6175629 0.2005543
0.4002819 0.0714316 -0.1398768
0.7372973 -0.2623874 -0.6292782
-0.1359280 -1.2086134 -0.4553689
0.2589641 -0.0680030 -0.0954174
0.6616576 0.4004053 -0.7031070
0.3175373 -0.2678234 -0.7556027
-0.2662983 0.3551820 -0.3190273
-0.4403085 -0.0113226 -0.4987451
0.9435811 -0.5159670 -0.4876146
-0.1444072 -0.4475088 0.0151683
0.0325207 -0.2566614 1.0408095
-0.6744425 0.0736321 -0.7375301
-0.0754306 -0.0545936 0.0517395
0.3656120 -1.2429439 0.9101341
-0.2214817 -1.3721814 -0.4539962
0.0676637 0.0161430 0.2039496
-0.3564640 -0.0620866 0.0597529
1.6259706 0.0303163 -0.2548193
-0.1685273 0.0860334 -0.1202834
-0.9679775 -0.4090635 1.1776432
0.0004041 -0.2080018 1.3647839
0.0347652 -0.0159703 0.1267212
0.7559953 0.0011205 0.0457356
-0.9045702 -0.5912938 0.5934903
0.1117744 0.1691743 0.0542360
-0.4629939 -0.3376057 -0.2532437
0.0387679 0.4483194 -0.2665366
-0.0229710 -0.0505247 0.4186334
-1.8885024 0.6430102 -0.3545174
0.6516822 0.7722225 -0.4948208
0.1970246 -0.1085270 0.3180099
1.1951437 -0.7387695 0.3893316
0.1255252 -0.7628480 0.0661144
0.0458147 -0.2549024 -0.0006365
-0.2287899 1.1261671 0.4345709
0.4582080 0.4717233 -0.3644051
-0.0626926 -0.1196802 -0.3015177
0.2577488 -0.0728895 0.6822334
-0.6225748 -0.4273706 0.7741249
0.0350382 0.0179306 -0.2857169
-0.2433130 1.0662688 1.0151278
0.0146881 0.7867408 -1.0612562
-0.1638688 0.0502588 0.0466362
-0.6002501 -0.9759193 0.0060390
0.2528153 -1.3375785 -0.7292004
0.3118158 -0.1559091 -0.1074138
-0.4801353 0.0217253 1.1114532
0.4289902 0.3585216 0.7937581
0.0914342 0.1506857 -0.0293446
-0.0159177 0.3590127 0.3128440
-0.6750432 0.1145633 0.9043206
-0.0947886 -0.3074733 0.0112296
-0.5607643 0.1017383 -0.0481641
-0.2188547 1.3371486 0.8956713
-0.1040186 -0.3041495 -0.0259957
0.9464928 0.3805512 0.6095758
-0.4347523 0.1768577 -0.4156206
0.0168855 0.0587697 -0.1411648
0.0069051 0.8449207 0.6345553
0.8427015 -0.1874668 0.1383735
0.1272112 0.1243378 -0.0349817
-1.3920194 0.3486443 0.0708689
0.0825330 -0.2744736 0.3992526
0.1428223 0.1907695 0.0519407
-0.1334659 -0.8039688 1.0253548
0.7846395 0.6015946 -0.9488141
0.0755342 -0.0671138 -0.0405678
0.2539310 -0.4419311 0.1817773
0.3905937 0.0389884 0.2396594
0.0104810 -0.0288720 -0.0058005
-0.3590583 0.4071056 0.9177331
0.9283307 0.9749409 -1.2563762
0.0453981 -0.0400426 -0.1023554
-0.7641558 0.2621502 -0.3668581
-0.7960141 0.8112592 0.5452485
-0.0852055 -0.2929211 -0.0523357
-0.0604235 -0.9226118 -0.1734444
-1.3000938 -0.7311078 -0.6230921
-0.1975191 0.1035236 -0.1063043
0.0964932 -0.1536994 0.3099522
-1.3912257 -0.1604161 0.0384149
0.0362019 -0.1690347 0.1698472
-0.5234178 -0.8768398 0.3037452
-0.2375257 1.2291760 0.4150518
-0.0789899 -0.0454038 0.0769205
0.2402324 -1.3933080 0.3383439
-0.9047674 -0.8859787 -0.1196195
0.0488909 -0.0084983 -0.2025885
-0.2115825 1.1895196 -0.6622415
0.3740727 -0.2295289 -0.5788133
0.0844664 -0.0539955 0.1300687
-0.4950202 -0.3497512 -0.3315513
-0.9813929 0.5536401 0.2945542
-0.2269343 0.0750589 -0.0318788
-0.0716592 0.7918198 -0.8512955
1.6516774 0.6297473 -0.3483689
0.1776175 0.0566726 0.1108989
0.0819024 -0.0715968 -0.0020000
0.1577131 0.1152317 -0.6466352
0.0811243 0.2203343 0.2380988
0.6355087 -0.3907865 0.6804654
-1.3087312 -0.0725602 -0.2024427
-0.0211518 -0.1720062 0.0308879
0.2888983 0.2902762 0.1054111
0.3865099 0.0161423 -0.1862294
-0.0710790 0.1406417 0.1309182
-0.4629560 1.1357829 0.3418849
-0.1455078 -1.0523140 0.7478757
0.1545102 0.0831004 -0.3714315
-0.2213014 1.1287191 1.4614091
-0.5936071 -0.6442837 0.9165941
0.1473178 0.0952084 -0.0100709
0.5036205 0.8390016 0.0370134
-0.5826081 0.2302163 0.6539228
-0.3208269 0.0278548 -0.2752023
0.4448484 0.8729647 -0.8872263
0.6216301 0.6804276 0.3601493
-0.0556440 0.0100458 0.2868639
-0.8560201 0.6149032 -0.1122079
-0.9102981 0.2115432 -0.9058436
0.1473796 -0.1029958 -0.0927485
0.0195043 -0.7685921 -0.5880472
0.2063138 0.3579788 -0.4009222
-0.0974761 0.1352802 -0.0740556
0.3518063 0.3874798 0.9883708
-0.7642799 -0.0557466 -0.3038553
-0.0408809 -0.0869702 -0.2230178
-1.1826067 0.2369696 -1.2257592
0.2246349 0.6983219 0.4228199
-0.0600182 0.0273108 -0.2358832
-0.5581734 -0.4953908 0.1144098
-0.7168232 -0.3128205 -0.5931195
-0.1307189 0.1775704 -0.3150645
-0.1524323 0.6742927 0.5940092
0.2489445 -0.6953114 -0.1750514
0.0617031 -0.0401679 0.0169176
0.0049767 -0.3451531 0.5170248
0.6035456 -0.1275087 -1.5543737
-0.0758205 0.3377287 0.1018987
0.7727209 -0.5947463 0.2190157
0.4646347 0.9138075 -0.1484231
0.1156944 -0.0408617 -0.2633807
-0.4377350 -0.6347094 -0.5084292
0.1666997 -0.4479803 -0.4769339
-0.1265734 -0.0631670 -0.1950726
-0.9145631 0.6375194 -0.8007703
-0.7192125 -0.2112603 0.5124467
-0.0790315 0.2680632 -0.2089149
-0.2466366 -0.4431884 0.6905706
0.8409302 0.4934398 0.7126148
-0.4741990 -0.1061100 0.1923908
-0.1530867 0.3991212 -0.0428650
-1.4478158 0.2383398 0.3134189
0.0139310 -0.0540729 -0.0126954
0.0781528 1.1882769 0.3255203
0.3893362 0.7582536 0.2648761
0.1282554 0.0304400 0.1265713
0.4069125 -0.2382373 0.0950228
0.7715903 -0.0915429 -0.7790160
-0.4302133 0.3485885 -0.2706731
-0.4087190 0.0167897 -0.3461679
-0.8348131 0.1442354 -0.2534243
0.1902750 0.0770970 -0.0382297
-0.4974975 0.3607431 1.1411537
0.5127003 0.0366201 0.2948577
-0.0696824 -0.2434031 0.2661143
-0.2270274 0.4007946 -0.1497828
0.0734902 1.3735389 -0.0615231
0.2394236 0.1674190 0.1792963
1.1238279 -0.0464072 -1.4263803
-0.0836718 -0.3406854 0.0488074
-0.2568343 -0.1754810 -0.1422588
-0.1350257 0.2900353 -0.2708363
-0.4822998 -1.3670460 0.6822748
0.2562286 -0.1244798 0.1705292
-0.0349015 1.1678181 -0.1093745
0.0244704 0.5780385 0.7221354
-0.0798390 0.0973973 0.1281644
-1.2891162 0.0220631 0.4688558
-0.0625279 0.8895853 0.0783844
-0.0100872 -0.0333777 -0.2048918
-1.0246253 -0.4786891 -0.2944692
-0.6351533 -0.7432827 0.1934669
0.0378815 0.0180572 0.0754321
-0.5584021 -0.8071786 -0.5118591
0.8423136 -0.1199908 -0.1793292
-0.0975689 0.1963999 0.0300014
-0.6299239 0.5868737 -0.5349302
0.1048155 -0.0780466 1.0072034
-0.0107698 -0.1083219 -0.1595703
0.4036545 -0.3468474 0.9156887
-0.3272234 -1.4116401 0.4417208
0.1487795 -0.0745261 -0.0994675
0.6787941 0.5639081 0.1406793
0.5822150 -0.0332173 -0.1218012
-0.2559373 -0.0366608 0.2901190
0.6802345 -0.0834311 -0.2904605
-0.1822891 0.5292433 -0.0358465
-0.0203557 0.1570426 0.0679532
-0.1212518 0.0107146 0.2491477
-0.0682130 0.1245398 -0.7713775
-0.1482263 0.2354091 0.0174188
0.0330262 0.7040673 -0.8560979
-0.3855858 0.1731350 -0.6327540
0.0390962 -0.1122640 -0.0848058
0.8293045 -0.7813939 0.7326723
0.3825531 -0.4508636 -0.7940321
0.1587741 0.3151923 -0.1055022
0.0729113 -0.5823294 -0.3448427
-0.0729995 0.5708009 -0.2030543
0.1170135 -0.1440098 -0.0199048
0.7184865 0.9259029 -1.2823051
0.3466939 0.3028310 -0.1248511
-0.1163105 -0.3104524 0.0915387
-1.0835279 -0.7469141 -0.3562285
0.6512222 0.5687844 0.4735291
-0.1049837 -0.2011169 0.3286928
-0.6993527 0.9211614 0.0192573
0.1377580 0.2881083 -0.6220501
-0.0715935 -0.0783799 0.0392494
0.3467505 0.8585856 0.0768778
-0.1406418 -0.4577511 -0.0910614
-0.2461359 -0.0074828 -0.0843601
-0.4326807 -1.1306835 0.4474081
-0.7439862 0.6323775 -0.6152347
-0.2307860 -0.1526829 -0.1720478
0.5545396 -0.6458712 -0.5505982
-0.3328919 -0.5147196 0.0513783
0.0439437 -0.2463119 0.0877135
0.7986681 1.6989471 0.3882656
0.5772284 0.7303051 -0.0568350
0.1474910 0.0763272 0.2696240
0.9502015 0.3841803 0.5838811
0.7356323 -0.1544210 0.7166995
0.0314502 0.0691097 0.3393414
1.6061526 0.3778289 1.7615914
-0.8289039 -0.9483638 -0.0377464
0.0051276 -0.0248669 -0.2483121
0.5160588 -0.3962477 -0.6429340
-0.5927072 -1.0421554 -0.4353550
0.1618884 0.1402091 -0.1039706
0.3230068 0.1691579 0.0811986
0.5371972 0.3191805 0.4011519
-0.1900131 -0.0056511 0.0429001
0.5783963 -0.3540706 -0.3402349
0.1816456 0.3400880 -0.2566976
0.1405775 0.1584804 0.0057327
0.0171223 0.9635850 0.9125174
-0.4013891 0.1043619 -0.3583082
0.1095311 0.1094796 0.1528023
0.0717140 0.7802783 0.1733630
-0.0473156 -0.4058262 0.1581009
-0.0991950 -0.1608221 0.0768415
0.3733685 -0.4768416 0.4996785
-0.4702505 0.1830390 0.1522355
-0.1578523 0.0824000 -0.0268270
0.9413294 -0.2867233 0.2248385
-0.5719463 0.3170026 -0.0432871
-0.0205777 0.0786249 -0.0371594
0.9810855 -0.0955286 0.3100022
0.1517753 0.2332510 0.2536727
-0.0110018 -0.1465847 -0.2988721
-0.3029915 0.1912107 -0.3794788
-0.3930961 -0.1841396 0.3782168
-0.0812829 -0.1555031 0.2325961
0.2471281 0.2160470 0.6283413
-0.1041681 -0.2138022 -1.5123248
-0.1314096 -0.2542384 -0.3199958
0.6475856 0.9187432 0.0523867
0.3153343 1.3024058 0.5134088
0.0822055 -0.1436879 0.4391032
0.7106115 0.0920910 0.8791989
-0.8447536 -1.0706779 0.9970884
-0.0669120 0.1038136 -0.0192639
0.2419982 -1.2062626 -0.4453921
0.1694437 0.9294516 -1.1113471
-0.0880331 0.0542133 -0.0951048
0.9513137 0.0257016 -0.0734812
0.6016488 0.1980307 1.0514386
0.1209406 0.1645247 0.0944278
-0.1464647 0.3816882 0.3131282
0.1548218 -0.2126144 0.1871198
-0.0908839 0.2620172 0.0167183
0.2937061 -0.0124820 0.4660608
0.2776825 0.8106544 0.9332956
-0.0981923 0.3096130 0.0404572
-0.5060282 0.1526472 0.2019330
-0.4654670 -0.0032859 0.6576275
-0.1766186 0.1384771 -0.0901172
0.4960021 -0.7158102 -0.8525282
-0.3134607 -0.4613997 -0.4290376
-0.1064421 0.0783943 -0.0578921
0.0333661 0.4202114 0.7964947
0.5966080 0.2559880 1.2001946
0.4880402 -0.0163493 -0.0301009
-0.8008283 0.9548336 -0.2871150
-0.3763393 0.1652085 -0.5609731
0.0235592 -0.0957606 -0.0792408
0.3392256 0.4488605 -0.3869244
0.1272615 0.3372677 -0.9203496
-0.0157874 0.0821663 -0.2799131
0.1033249 0.3170224 -0.0852541
-0.5318695 -0.5412119 -0.8588399
-0.0811358 -0.0535288 -0.0424476
-0.0375027 0.1353317 1.6912899
-0.4493971 0.2251392 -0.3110298
